SCN,MWKatzF,BoilingT
6,85.84,607
7,92.96,658
8,108.88,702
9,124.26,748
10,134.02,791
11,147,829
12,161,867
13,175,901
14,190,936
15,206,971
16,222,1002
17,237,1032
18,251,1055
19,263,1077
20,275,1101
21,291,1124
22,305,1146
23,318,1167
24,331,1187
25,345,1207
26,359,1226
27,374,1244
28,388,1262
29,402,1277
30,416,1294
31,430,1310
32,444,1326
33,458,1341
34,472,1355
35,486,1368
36,500,1382
37,514,1394
38,528,1407
39,542,1419
40,556,1432
41,570,1442
42,584,1453
43,598,1464
44,612,1477
45,626,1487
